Login
-----
Decoded NEC: 1067E21D (32 bits)
Raw (68): 8850 -4400 600 -500 550 -600 550 -500 600 -1650 550 -550 550 -550 550 -550 550 -550 550 -550 550 -1650 600 -1600 600 -550 550 -550 500 -1700 550 -1650 550 -1650 550 -1650 600 -1600 600 -1650 500 -600 550 -550 550 -550 550 -1650 600 -500 550 -550 550 -550 600 -500 550 -1700 550 -1650 550 -1650 550 -550 550 -1650 550 

---------v 2.0

Encoding  : NEC
Code      : 1067E21D (32 bits)
Timing[67]: 
     +8800, -4400     + 550, - 600     + 550, - 550     + 500, - 550
     + 600, -1650     + 550, - 550     + 500, - 600     + 600, - 500
     + 550, - 550     + 500, - 600     + 600, -1650     + 500, -1700
     + 500, - 550     + 550, - 600     + 550, -1650     + 500, -1700
     + 550, -1650     + 550, -1700     + 550, -1650     + 500, -1700
     + 550, - 550     + 550, - 550     + 550, - 550     + 600, -1600
     + 600, - 500     + 600, - 500     + 550, - 550     + 600, - 550
     + 550, -1600     + 600, -1650     + 550, -1650     + 550, - 550
     + 550, -1650     + 600
unsigned int  rawData[67] = {8800,4400, 550,600, 550,550, 500,550, 600,1650, 550,550, 500,600, 600,500, 550,550, 500,600, 600,1650, 500,1700, 500,550, 550,600, 550,1650, 500,1700, 550,1650, 550,1700, 550,1650, 500,1700, 550,550, 550,550, 550,550, 600,1600, 600,500, 600,500, 550,550, 600,550, 550,1600, 600,1650, 550,1650, 550,550, 550,1650, 600};  // NEC 1067E21D
unsigned int  data = 0x1067E21D;


___________________________________________________________________________________________________________________________

Number 6
-----
Decoded NEC: 106722DD (32 bits)
Raw (68): 8850 -4400 600 -500 550 -550 600 -500 600 -1650 500 -600 550 -550 550 -550 550 -550 500 -600 550 -1650 600 -1600 600 -500 600 -500 550 -1700 550 -1650 550 -1650 550 -550 550 -550 600 -1600 600 -500 600 -500 550 -600 550 -1650 550 -550 550 -1650 550 -1650 600 -500 550 -1650 600 -1600 600 -1650 550 -550 550 -1650 550 
1E6A27C0

---------v 2.0

Encoding  : NEC
Code      : 106722DD (32 bits)
Timing[67]: 
     +8850, -4400     + 550, - 550     + 600, - 500     + 550, - 550
     + 600, -1600     + 550, - 550     + 600, - 550     + 550, - 550
     + 500, - 600     + 550, - 550     + 550, -1650     + 550, -1650
     + 500, - 600     + 600, - 500     + 600, -1600     + 600, -1650
     + 550, -1650     + 550, - 550     + 550, - 550     + 550, -1650
     + 550, - 550     + 600, - 500     + 600, - 550     + 500, -1700
     + 550, - 550     + 450, -1750     + 550, -1650     + 600, - 500
     + 600, -1600     + 600, -1650     + 500, -1700     + 550, - 550
     + 450, -1750     + 550
unsigned int  rawData[67] = {8850,4400, 550,550, 600,500, 550,550, 600,1600, 550,550, 600,550, 550,550, 500,600, 550,550, 550,1650, 550,1650, 500,600, 600,500, 600,1600, 600,1650, 550,1650, 550,550, 550,550, 550,1650, 550,550, 600,500, 600,550, 500,1700, 550,550, 450,1750, 550,1650, 600,500, 600,1600, 600,1650, 500,1700, 550,550, 450,1750, 550};  // NEC 106722DD
unsigned int  data = 0x106722DD;


___________________________________________________________________________________________________________________________

Down Arrow
-----
Decoded NEC: 10676897 (32 bits)
Raw (68): 8850 -4400 550 -550 550 -550 550 -550 550 -1650 550 -550 600 -500 550 -600 550 -500 600 -550 500 -1700 550 -1650 550 -550 550 -550 550 -1650 600 -1600 600 -1600 550 -550 600 -1650 550 -1650 550 -550 550 -1650 600 -500 550 -550 600 -500 600 -1600 600 -550 550 -550 550 -1650 550 -550 550 -1650 600 -1600 600 -1600 550 

---------v 2.0

Encoding  : NEC
Code      : 10676897 (32 bits)
Timing[67]: 
     +8900, -4350     + 600, - 500     + 600, - 550     + 550, - 550
     + 550, -1650     + 550, - 550     + 550, - 550     + 600, - 500
     + 550, - 550     + 600, - 500     + 600, -1600     + 600, -1650
     + 500, - 600     + 550, - 550     + 550, -1650     + 550, -1650
     + 550, -1650     + 600, - 500     + 550, -1650     + 600, -1650
     + 550, - 550     + 550, -1650     + 550, - 550     + 600, - 500
     + 550, - 550     + 550, -1650     + 550, - 600     + 550, - 550
     + 550, -1650     + 550, - 550     + 550, -1650     + 550, -1650
     + 550, -1650     + 600
unsigned int  rawData[67] = {8900,4350, 600,500, 600,550, 550,550, 550,1650, 550,550, 550,550, 600,500, 550,550, 600,500, 600,1600, 600,1650, 500,600, 550,550, 550,1650, 550,1650, 550,1650, 600,500, 550,1650, 600,1650, 550,550, 550,1650, 550,550, 600,500, 550,550, 550,1650, 550,600, 550,550, 550,1650, 550,550, 550,1650, 550,1650, 550,1650, 600};  // NEC 10676897
unsigned int  data = 0x10676897;


___________________________________________________________________________________________________________________________

Right Arrow
-----
Decoded NEC: 10678877 (32 bits)
Raw (68): 8850 -4400 550 -550 550 -550 550 -550 600 -1600 600 -550 550 -550 550 -550 550 -550 550 -550 550 -1650 550 -1650 550 -550 600 -500 550 -1700 550 -1650 550 -1650 550 -1650 550 -550 550 -550 550 -550 600 -1600 600 -550 550 -550 550 -550 550 -550 550 -1650 500 -1700 550 -1650 600 -500 550 -1700 550 -1650 500 -1700 550 

---------v 2.0

Encoding  : NEC
Code      : 10678877 (32 bits)
Timing[67]: 
     +8800, -4450     + 550, - 550     + 550, - 550     + 550, - 550
     + 550, -1650     + 550, - 550     + 550, - 550     + 600, - 550
     + 500, - 550     + 600, - 550     + 550, -1650     + 550, -1650
     + 550, - 550     + 550, - 550     + 550, -1650     + 550, -1700
     + 500, -1700     + 550, -1650     + 550, - 550     + 550, - 550
     + 550, - 550     + 550, -1650     + 550, - 600     + 500, - 550
     + 600, - 550     + 550, - 500     + 600, -1650     + 550, -1650
     + 550, -1650     + 550, - 550     + 550, -1650     + 550, -1700
     + 550, -1650     + 550
unsigned int  rawData[67] = {8800,4450, 550,550, 550,550, 550,550, 550,1650, 550,550, 550,550, 600,550, 500,550, 600,550, 550,1650, 550,1650, 550,550, 550,550, 550,1650, 550,1700, 500,1700, 550,1650, 550,550, 550,550, 550,550, 550,1650, 550,600, 500,550, 600,550, 550,500, 600,1650, 550,1650, 550,1650, 550,550, 550,1650, 550,1700, 550,1650, 550};  // NEC 10678877
unsigned int  data = 0x10678877;


_________________________________________________________________________________________________________________________

Enter
-----
Decoded NEC: 1067A857 (32 bits)
Raw (68): 8850 -4400 550 -550 550 -550 550 -550 550 -1650 550 -550 600 -500 550 -550 600 -500 600 -500 550 -1700 550 -1650 550 -550 550 -550 550 -1650 600 -1600 600 -1650 500 -1700 550 -550 550 -1650 550 -550 550 -1650 600 -500 550 -550 600 -500 600 -550 500 -1700 550 -550 550 -1650 550 -550 550 -1650 600 -1600 600 -1650 500 

---------v 2.0

Encoding  : NEC
Code      : 1067A857 (32 bits)
Timing[67]: 
     +8850, -4400     + 550, - 550     + 550, - 550     + 550, - 550
     + 550, -1650     + 550, - 550     + 600, - 500     + 550, - 550
     + 550, - 550     + 600, - 550     + 500, -1700     + 550, -1650
     + 550, - 550     + 550, - 550     + 550, -1650     + 600, -1600
     + 600, -1650     + 500, -1700     + 550, - 550     + 550, -1650
     + 550, - 550     + 550, -1650     + 600, - 500     + 550, - 550
     + 600, - 500     + 600, - 550     + 500, -1700     + 550, - 550
     + 550, -1650     + 550, - 550     + 550, -1650     + 600, -1600
     + 600, -1650     + 500
unsigned int  rawData[67] = {8850,4400, 550,550, 550,550, 550,550, 550,1650, 550,550, 600,500, 550,550, 550,550, 600,550, 500,1700, 550,1650, 550,550, 550,550, 550,1650, 600,1600, 600,1650, 500,1700, 550,550, 550,1650, 550,550, 550,1650, 600,500, 550,550, 600,500, 600,550, 500,1700, 550,550, 550,1650, 550,550, 550,1650, 600,1600, 600,1650, 500};  // NEC 1067A857
unsigned int  data = 0x1067A857;


___________________________________________________________________________________________________________________________


