Number 0

Decoded NEC: 1067728D (32 bits)
Raw (68): 8850 -4400 550 -550 600 -500 600 -500 550 -1650 600 -550 500 -550 600 -550 550 -550 550 -550 550 -1650 550 -1650 600 -500 550 -550 600 -1650 500 -1700 550 -1650 550 -550 600 -1600 600 -1600 550 -1700 550 -550 550 -550 550 -1650 550 -550 550 -1650 550 -550 600 -500 600 -500 550 -1700 550 -1650 550 -550 550 -1650 550 


---------v 2.0

___________________________________________________________________________________________________________________________
Number 1

Decoded NEC: 106742BD (32 bits)
Raw (68): 8850 -4450 550 -550 550 -550 550 -550 550 -1650 500 -600 550 -550 550 -550 550 -550 600 -500 550 -1700 550 -1650 550 -550 550 -550 550 -1650 550 -1700 450 -1750 500 -550 500 -1750 550 -550 500 -600 550 -550 550 -550 550 -1650 550 -550 500 -1750 550 -500 500 -1750 550 -1650 550 -1650 500 -1700 550 -550 500 -1750 550 

---------v 2.0


___________________________________________________________________________________________________________________________
Number 2

Decoded NEC: 1067827D (32 bits)
Raw (68): 8850 -4400 550 -550 550 -550 600 -500 550 -1700 550 -550 550 -550 550 -550 550 -550 550 -550 550 -1650 550 -1650 600 -550 500 -600 550 -1650 550 -1650 550 -1650 500 -1700 550 -550 550 -550 600 -550 550 -500 600 -550 550 -1650 550 -550 550 -550 550 -1650 600 -1600 500 -1750 550 -1650 550 -1650 500 -600 550 -1650 500 

---------v 2.0


___________________________________________________________________________________________________________________________
Number 3

Decoded NEC: 106702FD (32 bits)
Raw (68): 8850 -4400 550 -600 500 -600 550 -550 550 -1650 550 -550 550 -550 550 -550 550 -550 550 -600 500 -1700 500 -1700 550 -550 550 -550 550 -1650 550 -1650 550 -1650 550 -550 600 -550 550 -500 600 -550 550 -550 550 -550 550 -1650 550 -550 500 -1700 550 -1650 600 -1600 500 -1750 550 -1650 550 -1650 500 -600 600 -1600 500 


---------v 2.0


___________________________________________________________________________________________________________________________
Number 4

Decoded NEC: 1067629D (32 bits)
Raw (68): 8850 -4400 550 -550 550 -550 550 -550 550 -1650 550 -550 600 -500 600 -550 500 -600 550 -550 550 -1650 550 -1650 550 -550 550 -550 600 -1650 550 -1650 500 -1700 550 -550 550 -1650 600 -1600 550 -550 600 -500 550 -550 600 -1650 550 -550 550 -1650 550 -550 550 -550 600 -1600 550 -1700 500 -1700 550 -550 550 -1650 550 


---------v 2.0


___________________________________________________________________________________________________________________________
Number 5

Decoded NEC: 1067A25D (32 bits)
Raw (68): 8850 -4400 550 -550 550 -550 550 -550 550 -1650 550 -550 600 -500 550 -550 550 -550 600 -550 500 -1700 550 -1650 550 -550 550 -550 550 -1650 600 -1600 600 -1650 550 -1650 550 -550 550 -1650 550 -550 550 -550 550 -550 600 -1600 600 -550 550 -550 550 -1650 550 -550 550 -1650 550 -1650 550 -1650 550 -550 600 -1650 550 


---------v 2.0


___________________________________________________________________________________________________________________________
Number 6

Decoded NEC: 106722DD (32 bits)
Raw (68): 8850 -4400 550 -550 550 -550 550 -550 550 -1650 550 -550 600 -500 550 -550 600 -550 550 -550 550 -1650 550 -1650 550 -550 550 -550 550 -1650 600 -1600 600 -1650 550 -550 550 -550 550 -1650 550 -550 550 -550 550 -550 550 -1700 500 -550 600 -1650 550 -1650 550 -550 550 -1650 550 -1650 550 -1700 500 -550 600 -1650 550 


---------v 2.0


___________________________________________________________________________________________________________________________
Number 7

Decoded NEC: 106752AD (32 bits)
Raw (68): 8850 -4400 550 -550 550 -550 550 -550 600 -1600 600 -550 550 -550 550 -550 550 -550 550 -550 550 -1650 550 -1700 500 -550 600 -550 500 -1700 550 -1650 550 -1650 550 -550 550 -1650 550 -550 550 -1700 500 -550 600 -550 550 -1650 550 -550 550 -1650 550 -550 600 -1600 550 -550 600 -1650 550 -1650 550 -550 550 -1650 550 


---------v 2.0


___________________________________________________________________________________________________________________________
Number 8

Decoded NEC: 1067926D (32 bits)
Raw (68): 8850 -4400 550 -550 550 -550 600 -550 500 -1700 550 -550 550 -550 550 -550 550 -550 550 -550 550 -1650 550 -1650 600 -550 550 -500 600 -1650 550 -1650 550 -1650 550 -1650 550 -550 600 -500 600 -1650 550 -550 550 -550 550 -1650 550 -550 550 -550 550 -1650 550 -1650 600 -550 550 -1650 550 -1650 550 -550 550 -1700 500 


---------v 2.0


___________________________________________________________________________________________________________________________
Number 9

Decoded NEC: 106712ED (32 bits)
Raw (68): 8850 -4400 600 -550 550 -550 550 -550 550 -1650 550 -550 550 -550 600 -500 550 -600 500 -550 600 -1600 600 -1650 550 -550 550 -550 550 -1650 550 -1650 550 -1650 600 -550 550 -550 550 -550 550 -1650 550 -550 550 -550 550 -1650 600 -500 550 -1650 600 -1650 550 -1650 550 -550 550 -1650 550 -1650 600 -500 550 -1700 550 


---------v 2.0


___________________________________________________________________________________________________________________________
